seconds 	point x 	point y 	point z 	position x	position y	position z	flag    	

0.03    	0.00    	0.00    	0.00    	0.00    	1.83    	-0.00   	-       	
0.04    	0.00    	0.00    	0.00    	0.00    	1.83    	-0.00   	-       	
0.06    	0.00    	0.00    	0.00    	0.00    	1.83    	-0.00   	-       	
0.08    	0.00    	0.00    	0.00    	0.00    	1.83    	-0.00   	-       	
0.10    	0.00    	0.00    	0.00    	0.00    	1.83    	-0.00   	-       	
0.11    	0.00    	0.00    	0.00    	0.00    	1.83    	-0.00   	-       	
0.13    	0.00    	0.00    	0.00    	0.00    	1.83    	-0.00   	-       	
0.14    	0.00    	0.00    	0.00    	0.00    	1.83    	-0.00   	-       	
0.16    	0.00    	0.00    	0.00    	0.00    	1.83    	-0.00   	-       	
0.18    	0.00    	0.00    	0.00    	0.00    	1.83    	-0.00   	-       	
0.20    	0.00    	0.00    	0.00    	0.00    	1.83    	-0.00   	-       	
0.21    	0.00    	0.00    	0.00    	0.00    	1.83    	-0.00   	-       	
0.23    	0.00    	0.00    	0.00    	0.00    	1.83    	-0.00   	-       	
0.24    	0.00    	0.00    	0.00    	0.00    	1.83    	-0.00   	-       	
0.26    	0.00    	0.00    	0.00    	0.00    	1.83    	-0.00   	-       	
0.28    	0.00    	0.00    	0.00    	0.00    	1.83    	-0.00   	-       	
0.29    	0.00    	0.00    	0.00    	0.00    	1.83    	-0.00   	-       	
0.31    	0.00    	0.00    	0.00    	0.00    	1.83    	-0.00   	-       	
0.33    	0.00    	0.00    	0.00    	0.00    	1.83    	-0.00   	-       	
0.34    	0.00    	0.00    	0.00    	0.00    	1.83    	-0.00   	-       	
0.36    	0.00    	0.00    	0.00    	0.00    	1.83    	-0.00   	-       	
0.38    	0.00    	0.00    	0.00    	0.00    	1.83    	-0.00   	-       	
0.40    	0.00    	0.00    	0.00    	0.00    	1.83    	-0.00   	-       	
0.41    	0.00    	0.00    	0.00    	0.00    	1.83    	-0.00   	-       	
0.43    	0.00    	0.00    	0.00    	0.00    	1.83    	-0.00   	-       	
0.45    	0.00    	0.00    	0.00    	0.00    	1.83    	-0.00   	-       	
0.46    	0.00    	0.00    	0.00    	0.00    	1.83    	-0.00   	-       	
0.48    	0.00    	0.00    	0.00    	0.00    	1.83    	-0.00   	-       	
0.49    	0.00    	0.00    	0.00    	0.00    	1.83    	-0.00   	-       	
0.51    	0.00    	0.00    	0.00    	0.00    	1.83    	-0.00   	-       	
0.53    	0.00    	0.00    	0.00    	0.00    	1.83    	-0.00   	-       	
0.54    	0.00    	0.00    	0.00    	0.00    	1.83    	-0.00   	-       	
0.56    	0.00    	0.00    	0.00    	0.00    	1.83    	-0.00   	-       	
0.58    	0.00    	0.00    	0.00    	0.00    	1.83    	-0.00   	-       	
0.59    	0.00    	0.00    	0.00    	0.00    	1.83    	-0.00   	-       	
0.61    	0.00    	0.00    	0.00    	0.00    	1.83    	-0.00   	-       	
0.63    	0.00    	0.00    	0.00    	0.00    	1.83    	-0.00   	-       	
0.64    	0.00    	0.00    	0.00    	0.00    	1.83    	-0.00   	-       	
0.66    	0.00    	0.00    	0.00    	0.00    	1.83    	-0.00   	-       	
0.68    	0.00    	0.00    	0.00    	0.00    	1.83    	-0.00   	-       	
0.70    	0.00    	0.00    	0.00    	0.00    	1.83    	-0.00   	-       	
0.71    	0.00    	0.00    	0.00    	0.00    	1.83    	-0.00   	-       	
0.73    	0.00    	0.00    	0.00    	0.00    	1.83    	-0.00   	-       	
0.74    	0.00    	0.00    	0.00    	0.00    	1.83    	-0.00   	-       	
0.76    	0.00    	0.00    	0.00    	0.00    	1.83    	-0.00   	-       	
0.78    	0.00    	0.00    	0.00    	0.00    	1.83    	-0.00   	-       	
0.79    	0.00    	0.00    	0.00    	0.00    	1.83    	-0.00   	-       	
0.81    	0.00    	0.00    	0.00    	0.00    	1.83    	-0.00   	-       	
0.83    	0.00    	0.00    	0.00    	0.00    	1.83    	-0.00   	-       	
0.84    	0.00    	0.00    	0.00    	0.00    	1.83    	-0.00   	-       	
0.86    	0.00    	0.00    	0.00    	0.00    	1.83    	-0.00   	-       	
0.88    	0.00    	0.00    	0.00    	0.00    	1.83    	-0.00   	-       	
0.89    	0.00    	0.00    	0.00    	0.00    	1.83    	-0.00   	-       	
0.91    	0.00    	0.00    	0.00    	0.00    	1.83    	-0.00   	-       	
0.93    	0.00    	0.00    	0.00    	0.00    	1.83    	-0.00   	-       	
0.94    	0.00    	0.00    	0.00    	0.00    	1.83    	-0.00   	-       	
0.96    	0.00    	0.00    	0.00    	0.00    	1.83    	-0.00   	-       	
0.98    	0.00    	0.00    	0.00    	0.00    	1.83    	-0.00   	-       	
0.99    	0.00    	0.00    	0.00    	0.00    	1.83    	-0.00   	-       	
1.01    	0.00    	0.00    	0.00    	0.00    	1.83    	-0.00   	-       	
1.03    	0.00    	0.00    	0.00    	0.00    	1.83    	-0.00   	-       	
1.04    	0.00    	0.00    	0.00    	0.00    	1.83    	-0.00   	-       	
1.06    	0.00    	0.00    	0.00    	0.00    	1.83    	-0.00   	-       	
1.08    	0.00    	0.00    	0.00    	0.00    	1.83    	-0.00   	-       	
1.09    	0.00    	0.00    	0.00    	0.00    	1.83    	-0.00   	-       	
1.11    	0.00    	0.00    	0.00    	0.00    	1.83    	-0.00   	-       	
1.13    	0.00    	0.00    	0.00    	0.00    	1.83    	-0.00   	-       	
1.14    	0.00    	0.00    	0.00    	0.00    	1.83    	-0.00   	-       	
1.16    	0.00    	0.00    	0.00    	0.00    	1.83    	-0.00   	-       	
1.18    	0.00    	0.00    	0.00    	0.00    	1.83    	-0.00   	-       	
1.20    	0.00    	0.00    	0.00    	0.00    	1.83    	-0.00   	-       	
1.21    	0.00    	0.00    	0.00    	0.00    	1.83    	-0.00   	-       	
1.23    	0.00    	0.00    	0.00    	0.00    	1.83    	-0.00   	-       	
1.24    	0.00    	0.00    	0.00    	0.00    	1.83    	-0.00   	-       	
1.26    	0.00    	0.00    	0.00    	0.00    	1.83    	-0.00   	-       	
1.28    	0.00    	0.00    	0.00    	0.00    	1.83    	-0.00   	-       	
1.29    	0.00    	0.00    	0.00    	0.00    	1.83    	-0.00   	-       	
1.31    	0.00    	0.00    	0.00    	0.00    	1.83    	-0.00   	-       	
1.33    	0.00    	0.00    	0.00    	0.00    	1.83    	-0.00   	-       	
1.35    	0.00    	0.00    	0.00    	0.00    	1.83    	-0.00   	-       	
1.36    	0.00    	0.00    	0.00    	0.00    	1.83    	-0.00   	-       	
1.38    	0.00    	0.00    	0.00    	0.00    	1.83    	-0.00   	-       	
1.39    	0.00    	0.00    	0.00    	0.00    	1.83    	-0.00   	-       	
1.41    	0.00    	0.00    	0.00    	0.00    	1.83    	-0.00   	-       	
1.43    	0.00    	0.00    	0.00    	0.00    	1.83    	-0.00   	-       	
1.44    	0.00    	0.00    	0.00    	0.00    	1.83    	-0.00   	-       	
1.46    	0.00    	0.00    	0.00    	0.00    	1.83    	-0.00   	-       	
1.48    	0.00    	0.00    	0.00    	0.00    	1.83    	-0.00   	-       	
1.50    	0.00    	0.00    	0.00    	0.00    	1.83    	-0.00   	-       	
1.51    	0.00    	0.00    	0.00    	0.00    	1.83    	-0.00   	-       	
1.53    	0.00    	0.00    	0.00    	0.00    	1.83    	-0.00   	-       	
1.54    	0.00    	0.00    	0.00    	0.00    	1.83    	-0.00   	-       	
1.56    	0.00    	0.00    	0.00    	0.00    	1.83    	-0.00   	-       	
1.58    	0.00    	0.00    	0.00    	0.00    	1.83    	-0.00   	-       	
1.59    	0.00    	0.00    	0.00    	0.00    	1.83    	-0.00   	-       	
1.61    	0.00    	0.00    	0.00    	0.00    	1.83    	-0.00   	-       	
1.63    	0.00    	0.00    	0.00    	0.00    	1.83    	-0.00   	-       	
1.64    	0.00    	0.00    	0.00    	0.00    	1.83    	-0.00   	-       	
1.66    	0.00    	0.00    	0.00    	0.00    	1.83    	-0.00   	-       	
1.68    	0.00    	0.00    	0.00    	0.00    	1.83    	-0.00   	-       	
1.70    	0.00    	0.00    	0.00    	0.00    	1.83    	-0.00   	-       	
1.71    	0.00    	0.00    	0.00    	0.00    	1.83    	-0.00   	-       	
1.73    	0.00    	0.00    	0.00    	0.00    	1.83    	-0.00   	-       	
1.74    	0.00    	0.00    	0.00    	0.00    	1.83    	-0.00   	-       	
1.76    	0.00    	0.00    	0.00    	0.00    	1.83    	-0.00   	-       	
1.78    	0.00    	0.00    	0.00    	0.00    	1.83    	-0.00   	-       	
1.80    	0.00    	0.00    	0.00    	0.00    	1.83    	-0.00   	-       	
1.81    	0.00    	0.00    	0.00    	0.00    	1.83    	-0.00   	-       	
1.83    	0.00    	0.00    	0.00    	0.00    	1.83    	-0.00   	-       	
1.84    	0.00    	0.00    	0.00    	0.00    	1.83    	-0.00   	-       	
1.86    	0.00    	0.00    	0.00    	0.00    	1.83    	-0.00   	-       	
1.88    	0.00    	0.00    	0.00    	0.00    	1.83    	-0.00   	-       	
1.89    	0.00    	0.00    	0.00    	0.00    	1.83    	-0.00   	-       	
1.91    	0.00    	0.00    	0.00    	0.00    	1.83    	-0.00   	-       	
1.93    	0.00    	0.00    	0.00    	0.00    	1.83    	-0.00   	-       	
1.94    	0.00    	0.00    	0.00    	0.00    	1.83    	-0.00   	-       	
1.96    	0.00    	0.00    	0.00    	0.00    	1.83    	-0.00   	-       	
1.98    	0.00    	0.00    	0.00    	0.00    	1.83    	-0.00   	-       	
2.00    	0.00    	0.00    	0.00    	0.00    	1.83    	-0.00   	info, name: info1 starting	
2.02    	0.00    	0.00    	0.00    	0.00    	1.83    	-0.00   	-       	
2.03    	0.00    	0.00    	0.00    	0.00    	1.83    	-0.00   	-       	
2.04    	0.00    	0.00    	0.00    	0.00    	1.83    	-0.00   	-       	
2.06    	0.00    	0.00    	0.00    	0.00    	1.83    	-0.00   	-       	
2.08    	0.00    	0.00    	0.00    	0.00    	1.83    	-0.00   	-       	
2.09    	0.00    	0.00    	0.00    	0.00    	1.83    	-0.00   	-       	
2.11    	0.00    	0.00    	0.00    	0.00    	1.83    	-0.00   	-       	
2.13    	0.00    	0.00    	0.00    	0.00    	1.83    	-0.00   	-       	
2.15    	0.00    	0.00    	0.00    	0.00    	1.83    	-0.00   	-       	
2.16    	0.00    	0.00    	0.00    	0.00    	1.83    	-0.00   	-       	
2.18    	0.00    	0.00    	0.00    	0.00    	1.83    	-0.00   	-       	
2.19    	0.00    	0.00    	0.00    	0.00    	1.83    	-0.00   	-       	
2.21    	0.00    	0.00    	0.00    	0.00    	1.83    	-0.00   	-       	
2.23    	0.00    	0.00    	0.00    	0.00    	1.83    	-0.00   	-       	
2.24    	0.00    	0.00    	0.00    	0.00    	1.83    	-0.00   	-       	
2.26    	0.00    	0.00    	0.00    	0.00    	1.83    	-0.00   	-       	
2.28    	0.00    	0.00    	0.00    	0.00    	1.83    	-0.00   	-       	
2.29    	0.00    	0.00    	0.00    	0.00    	1.83    	-0.00   	-       	
2.31    	0.00    	0.00    	0.00    	0.00    	1.83    	-0.00   	-       	
2.33    	0.00    	0.00    	0.00    	0.00    	1.83    	-0.00   	-       	
2.34    	0.00    	0.00    	0.00    	0.00    	1.83    	-0.00   	-       	
2.36    	0.00    	0.00    	0.00    	0.00    	1.83    	-0.00   	-       	
2.38    	0.00    	0.00    	0.00    	0.00    	1.83    	-0.00   	-       	
2.39    	0.00    	0.00    	0.00    	0.00    	1.83    	-0.00   	-       	
2.41    	0.00    	0.00    	0.00    	0.00    	1.83    	-0.00   	-       	
2.43    	0.00    	0.00    	0.00    	0.00    	1.83    	-0.00   	-       	
2.44    	0.00    	0.00    	0.00    	0.00    	1.83    	-0.00   	-       	
2.46    	0.00    	0.00    	0.00    	0.00    	1.83    	-0.00   	-       	
2.48    	0.00    	0.00    	0.00    	0.00    	1.83    	-0.00   	-       	
2.49    	0.00    	0.00    	0.00    	0.00    	1.83    	-0.00   	-       	
2.51    	0.00    	0.00    	0.00    	0.00    	1.83    	-0.00   	-       	
2.53    	0.00    	0.00    	0.00    	0.00    	1.83    	-0.00   	-       	
2.54    	0.00    	0.00    	0.00    	0.00    	1.83    	-0.00   	-       	
2.56    	0.00    	0.00    	0.00    	0.00    	1.83    	-0.00   	-       	
2.58    	0.00    	0.00    	0.00    	0.00    	1.83    	-0.00   	-       	
2.59    	0.00    	0.00    	0.00    	0.00    	1.83    	-0.00   	-       	
2.61    	0.00    	0.00    	0.00    	0.00    	1.83    	-0.00   	-       	
2.63    	0.00    	0.00    	0.00    	0.00    	1.83    	-0.00   	-       	
2.64    	0.00    	0.00    	0.00    	0.00    	1.83    	-0.00   	-       	
2.66    	0.00    	0.00    	0.00    	0.00    	1.83    	-0.00   	-       	
2.68    	0.00    	0.00    	0.00    	0.00    	1.83    	-0.00   	-       	
2.69    	0.00    	0.00    	0.00    	0.00    	1.83    	-0.00   	-       	
2.71    	0.00    	0.00    	0.00    	0.00    	1.83    	-0.00   	-       	
2.73    	0.00    	0.00    	0.00    	0.00    	1.83    	-0.00   	-       	
2.74    	0.00    	0.00    	0.00    	0.00    	1.83    	-0.00   	-       	
2.76    	0.00    	0.00    	0.00    	0.00    	1.83    	-0.00   	-       	
2.78    	0.00    	0.00    	0.00    	0.00    	1.83    	-0.00   	-       	
2.79    	0.00    	0.00    	0.00    	0.00    	1.83    	-0.00   	-       	
2.81    	0.00    	0.00    	0.00    	0.00    	1.83    	-0.00   	-       	
2.83    	0.00    	0.00    	0.00    	0.00    	1.83    	-0.00   	-       	
2.84    	0.00    	0.00    	0.00    	0.00    	1.83    	-0.00   	-       	
2.86    	0.00    	0.00    	0.00    	0.00    	1.83    	-0.00   	-       	
2.88    	0.00    	0.00    	0.00    	0.00    	1.83    	-0.00   	-       	
2.89    	0.00    	0.00    	0.00    	0.00    	1.83    	-0.00   	-       	
2.91    	0.00    	0.00    	0.00    	0.00    	1.83    	-0.00   	-       	
2.93    	0.00    	0.00    	0.00    	0.00    	1.83    	-0.00   	-       	
2.94    	0.00    	0.00    	0.00    	0.00    	1.83    	-0.00   	-       	
2.96    	0.00    	0.00    	0.00    	0.00    	1.83    	-0.00   	-       	
2.98    	0.00    	0.00    	0.00    	0.00    	1.83    	-0.00   	-       	
3.00    	0.00    	0.00    	0.00    	0.00    	1.83    	-0.00   	-       	
3.01    	0.00    	0.00    	0.00    	0.00    	1.83    	-0.00   	-       	
3.03    	0.00    	0.00    	0.00    	0.00    	1.83    	-0.00   	-       	
3.04    	0.00    	0.00    	0.00    	0.00    	1.83    	-0.00   	-       	
3.06    	0.00    	0.00    	0.00    	0.00    	1.83    	-0.00   	-       	
3.08    	0.00    	0.00    	0.00    	0.00    	1.83    	-0.00   	-       	
3.09    	0.00    	0.00    	0.00    	0.00    	1.83    	-0.00   	-       	
3.11    	0.00    	0.00    	0.00    	0.00    	1.83    	-0.00   	-       	
3.13    	0.00    	0.00    	0.00    	0.00    	1.83    	-0.00   	-       	
3.14    	0.00    	0.00    	0.00    	0.00    	1.83    	-0.00   	-       	
3.16    	0.00    	0.00    	0.00    	0.00    	1.83    	-0.00   	-       	
3.18    	0.00    	0.00    	0.00    	0.00    	1.83    	-0.00   	-       	
3.19    	0.00    	0.00    	0.00    	0.00    	1.83    	-0.00   	-       	
3.21    	0.00    	0.00    	0.00    	0.00    	1.83    	-0.00   	-       	
3.23    	0.00    	0.00    	0.00    	0.00    	1.83    	-0.00   	-       	
3.24    	0.00    	0.00    	0.00    	0.00    	1.83    	-0.00   	-       	
3.26    	0.00    	0.00    	0.00    	0.00    	1.83    	-0.00   	-       	
3.28    	0.00    	0.00    	0.00    	0.00    	1.83    	-0.00   	-       	
3.29    	0.00    	0.00    	0.00    	0.00    	1.83    	-0.00   	-       	
3.31    	0.00    	0.00    	0.00    	0.00    	1.83    	-0.00   	-       	
3.33    	0.00    	0.00    	0.00    	0.00    	1.83    	-0.00   	-       	
3.34    	0.00    	0.00    	0.00    	0.00    	1.83    	-0.00   	-       	
3.36    	0.00    	0.00    	0.00    	0.00    	1.83    	-0.00   	-       	
3.38    	0.00    	0.00    	0.00    	0.00    	1.83    	-0.00   	-       	
3.39    	0.00    	0.00    	0.00    	0.00    	1.83    	-0.00   	-       	
3.41    	0.00    	0.00    	0.00    	0.00    	1.83    	-0.00   	-       	
3.43    	0.00    	0.00    	0.00    	0.00    	1.83    	-0.00   	-       	
3.44    	0.00    	0.00    	0.00    	0.00    	1.83    	-0.00   	-       	
3.46    	0.00    	0.00    	0.00    	0.00    	1.83    	-0.00   	-       	
3.48    	0.00    	0.00    	0.00    	0.00    	1.83    	-0.00   	-       	
3.49    	0.00    	0.00    	0.00    	0.00    	1.83    	-0.00   	-       	
3.51    	0.00    	0.00    	0.00    	0.00    	1.83    	-0.00   	-       	
3.53    	0.00    	0.00    	0.00    	0.00    	1.83    	-0.00   	-       	
3.54    	0.00    	0.00    	0.00    	0.00    	1.83    	-0.00   	-       	
3.56    	0.00    	0.00    	0.00    	0.00    	1.83    	-0.00   	-       	
3.58    	0.00    	0.00    	0.00    	0.00    	1.83    	-0.00   	-       	
3.60    	0.00    	0.00    	0.00    	0.00    	1.83    	-0.00   	-       	
3.61    	0.00    	0.00    	0.00    	0.00    	1.83    	-0.00   	-       	
3.63    	0.00    	0.00    	0.00    	0.00    	1.83    	-0.00   	-       	
3.64    	0.00    	0.00    	0.00    	0.00    	1.83    	-0.00   	-       	
3.66    	0.00    	0.00    	0.00    	0.00    	1.83    	-0.00   	-       	
3.68    	0.00    	0.00    	0.00    	0.00    	1.83    	-0.00   	-       	
3.69    	0.00    	0.00    	0.00    	0.00    	1.83    	-0.00   	-       	
3.71    	0.00    	0.00    	0.00    	0.00    	1.83    	-0.00   	-       	
3.73    	0.00    	0.00    	0.00    	0.00    	1.83    	-0.00   	-       	
3.74    	0.00    	0.00    	0.00    	0.00    	1.83    	-0.00   	-       	
3.76    	0.00    	0.00    	0.00    	0.00    	1.83    	-0.00   	-       	
3.78    	0.00    	0.00    	0.00    	0.00    	1.83    	-0.00   	-       	
3.79    	0.00    	0.00    	0.00    	0.00    	1.83    	-0.00   	-       	
3.81    	0.00    	0.00    	0.00    	0.00    	1.83    	-0.00   	-       	
3.83    	0.00    	0.00    	0.00    	0.00    	1.83    	-0.00   	-       	
3.84    	0.00    	0.00    	0.00    	0.00    	1.83    	-0.00   	-       	
3.86    	0.00    	0.00    	0.00    	0.00    	1.83    	-0.00   	-       	
3.88    	0.00    	0.00    	0.00    	0.00    	1.83    	-0.00   	-       	
3.89    	0.00    	0.00    	0.00    	0.00    	1.83    	-0.00   	-       	
3.91    	0.00    	0.00    	0.00    	0.00    	1.83    	-0.00   	-       	
3.93    	0.00    	0.00    	0.00    	0.00    	1.83    	-0.00   	-       	
3.94    	0.00    	0.00    	0.00    	0.00    	1.83    	-0.00   	-       	
3.96    	0.00    	0.00    	0.00    	0.00    	1.83    	-0.00   	-       	
3.98    	0.00    	0.00    	0.00    	0.00    	1.83    	-0.00   	-       	
4.00    	0.00    	0.00    	0.00    	0.00    	1.83    	-0.00   	-       	
4.01    	0.00    	0.00    	0.00    	0.00    	1.83    	-0.00   	-       	
4.03    	0.00    	0.00    	0.00    	0.00    	1.83    	-0.00   	-       	
4.04    	0.00    	0.00    	0.00    	0.00    	1.83    	-0.00   	-       	
4.06    	0.00    	0.00    	0.00    	0.00    	1.83    	-0.00   	-       	
4.08    	0.00    	0.00    	0.00    	0.00    	1.83    	-0.00   	-       	
4.10    	0.00    	0.00    	0.00    	0.00    	1.83    	-0.00   	-       	
4.11    	0.00    	0.00    	0.00    	0.00    	1.83    	-0.00   	-       	
4.13    	0.00    	0.00    	0.00    	0.00    	1.83    	-0.00   	-       	
4.14    	0.00    	0.00    	0.00    	0.00    	1.83    	-0.00   	-       	
4.16    	0.00    	0.00    	0.00    	0.00    	1.83    	-0.00   	-       	
4.18    	0.00    	0.00    	0.00    	0.00    	1.83    	-0.00   	-       	
4.19    	0.00    	0.00    	0.00    	0.00    	1.83    	-0.00   	-       	
4.21    	0.00    	0.00    	0.00    	0.00    	1.83    	-0.00   	-       	
4.23    	0.00    	0.00    	0.00    	0.00    	1.83    	-0.00   	-       	
4.24    	0.00    	0.00    	0.00    	0.00    	1.83    	-0.00   	-       	
4.26    	0.00    	0.00    	0.00    	0.00    	1.83    	-0.00   	-       	
4.28    	0.00    	0.00    	0.00    	0.00    	1.83    	-0.00   	-       	
4.30    	0.00    	0.00    	0.00    	0.00    	1.83    	-0.00   	-       	
4.31    	0.00    	0.00    	0.00    	0.00    	1.83    	-0.00   	-       	
4.33    	0.00    	0.00    	0.00    	0.00    	1.83    	-0.00   	-       	
4.35    	-0.00   	1.83    	19.64   	0.00    	1.83    	-0.00   	trial, name: explore starting, current terrain: green,     trial "explore" starting in environment "green"	
4.39    	0.00    	0.00    	0.00    	1.00    	2.00    	-0.00   	-       	
4.41    	0.00    	0.00    	0.00    	1.00    	2.00    	-0.00   	-       	
4.43    	0.00    	0.00    	0.00    	1.00    	2.00    	-0.00   	-       	
4.46    	0.00    	0.00    	0.00    	1.00    	2.00    	-0.00   	-       	
4.48    	0.00    	0.00    	0.00    	1.00    	2.00    	-0.00   	-       	
4.50    	0.00    	0.00    	0.00    	1.00    	2.00    	-0.00   	-       	
4.52    	0.00    	0.00    	0.00    	1.00    	2.00    	-0.00   	-       	
4.55    	0.00    	0.00    	0.00    	1.00    	2.00    	-0.00   	-       	
4.57    	0.00    	0.00    	0.00    	1.00    	2.00    	-0.00   	-       	
4.59    	0.00    	0.00    	0.00    	1.00    	2.00    	-0.00   	-       	
4.62    	0.00    	0.00    	0.00    	1.00    	2.00    	-0.00   	-       	
4.64    	0.00    	0.00    	0.00    	1.00    	2.00    	-0.00   	-       	
4.66    	0.00    	0.00    	0.00    	1.00    	2.00    	-0.00   	-       	
4.68    	0.00    	0.00    	0.00    	1.00    	2.00    	-0.00   	-       	
4.71    	0.00    	0.00    	0.00    	1.00    	2.00    	-0.00   	-       	
4.73    	0.00    	0.00    	0.00    	1.00    	2.00    	-0.00   	-       	
4.75    	0.00    	0.00    	0.00    	1.00    	2.00    	-0.00   	-       	
4.78    	0.00    	0.00    	0.00    	1.00    	2.00    	-0.00   	-       	
4.80    	0.00    	0.00    	0.00    	1.00    	2.00    	-0.00   	-       	
4.82    	0.00    	0.00    	0.00    	1.00    	2.00    	-0.00   	-       	
4.84    	0.00    	0.00    	0.00    	1.00    	2.00    	-0.00   	-       	
4.87    	0.00    	0.00    	0.00    	1.00    	2.00    	-0.00   	-       	
4.89    	0.00    	0.00    	0.00    	1.00    	2.00    	-0.00   	-       	
4.91    	0.00    	0.00    	0.00    	1.00    	2.00    	-0.00   	-       	
4.93    	0.00    	0.00    	0.00    	1.00    	2.00    	-0.00   	-       	
4.96    	0.00    	0.00    	0.00    	1.00    	2.00    	-0.00   	-       	
4.99    	0.00    	0.00    	0.00    	1.00    	2.00    	-0.00   	-       	
5.01    	0.00    	0.00    	0.00    	1.00    	2.00    	-0.00   	-       	
5.04    	0.00    	0.00    	0.00    	1.00    	2.00    	-0.00   	-       	
5.06    	0.00    	0.00    	0.00    	1.00    	2.00    	-0.00   	-       	
5.08    	0.00    	0.00    	0.00    	1.00    	2.00    	-0.00   	-       	
5.10    	0.00    	0.00    	0.00    	1.00    	2.00    	-0.00   	-       	
5.12    	0.00    	0.00    	0.00    	1.00    	2.00    	-0.00   	-       	
5.15    	0.00    	0.00    	0.00    	1.00    	2.00    	-0.00   	-       	
5.17    	0.00    	0.00    	0.00    	1.00    	2.00    	-0.00   	-       	
5.19    	0.00    	0.00    	0.00    	1.00    	2.00    	-0.00   	-       	
5.22    	0.00    	0.00    	0.00    	1.00    	2.00    	-0.00   	-       	
5.25    	0.00    	0.00    	0.00    	1.00    	2.00    	-0.00   	-       	
5.27    	0.00    	0.00    	0.00    	1.00    	2.00    	-0.00   	-       	
5.30    	0.00    	0.00    	0.00    	1.00    	2.00    	-0.00   	-       	
5.32    	0.00    	0.00    	0.00    	1.00    	2.00    	-0.00   	-       	
5.34    	0.00    	0.00    	0.00    	1.00    	2.00    	-0.00   	-       	
5.37    	0.00    	0.00    	0.00    	1.00    	2.00    	-0.00   	-       	
5.39    	0.00    	0.00    	0.00    	1.00    	2.00    	-0.00   	-       	
5.42    	0.00    	0.00    	0.00    	1.00    	2.00    	-0.00   	-       	
5.44    	0.00    	0.00    	0.00    	1.00    	2.00    	-0.00   	-       	
5.47    	0.00    	0.00    	0.00    	1.00    	2.00    	-0.00   	-       	
5.49    	0.00    	0.00    	0.00    	1.00    	2.00    	-0.00   	-       	
5.52    	0.00    	0.00    	0.00    	1.00    	2.00    	-0.00   	-       	
5.54    	0.00    	0.00    	0.00    	1.00    	2.00    	-0.00   	-       	
5.56    	0.00    	0.00    	0.00    	1.00    	2.00    	-0.00   	-       	
5.58    	0.00    	0.00    	0.00    	1.00    	2.00    	-0.00   	-       	
5.61    	0.00    	0.00    	0.00    	1.00    	2.00    	-0.00   	-       	
5.64    	0.00    	0.00    	0.00    	1.00    	2.00    	-0.00   	-       	
5.66    	0.00    	0.00    	0.00    	1.00    	2.00    	-0.00   	-       	
5.68    	0.00    	0.00    	0.00    	1.00    	2.00    	-0.00   	-       	
5.71    	0.00    	0.00    	0.00    	1.00    	2.00    	-0.00   	-       	
5.74    	0.00    	0.00    	0.00    	1.00    	2.00    	-0.00   	-       	
5.76    	0.00    	0.00    	0.00    	1.00    	2.00    	-0.00   	-       	
5.78    	0.00    	0.00    	0.00    	1.00    	2.00    	-0.00   	-       	
5.81    	0.00    	0.00    	0.00    	1.00    	2.00    	-0.00   	-       	
5.83    	0.00    	0.00    	0.00    	1.00    	2.00    	-0.00   	-       	
5.86    	0.00    	0.00    	0.00    	1.00    	2.00    	-0.00   	-       	
5.89    	0.00    	0.00    	0.00    	1.00    	2.00    	-0.00   	-       	
5.91    	0.00    	0.00    	0.00    	1.00    	2.00    	-0.00   	-       	
5.93    	0.00    	0.00    	0.00    	1.00    	2.00    	-0.00   	-       	
5.96    	0.00    	0.00    	0.00    	1.00    	2.00    	-0.00   	-       	
5.99    	0.00    	0.00    	0.00    	1.00    	2.00    	-0.00   	-       	
6.01    	0.00    	0.00    	0.00    	1.00    	2.00    	-0.00   	-       	
6.03    	0.00    	0.00    	0.00    	1.00    	2.00    	-0.00   	-       	
6.05    	0.00    	0.00    	0.00    	1.00    	2.00    	-0.00   	-       	
6.08    	0.00    	0.00    	0.00    	1.00    	2.00    	-0.00   	-       	
6.10    	0.00    	0.00    	0.00    	1.00    	2.00    	-0.00   	-       	
6.12    	0.00    	0.00    	0.00    	1.00    	2.00    	-0.00   	-       	
6.14    	0.00    	0.00    	0.00    	1.00    	2.00    	-0.00   	-       	
6.17    	0.00    	0.00    	0.00    	1.00    	2.00    	-0.00   	-       	
6.20    	0.00    	0.00    	0.00    	1.00    	2.00    	-0.00   	-       	
6.22    	0.00    	0.00    	0.00    	1.00    	2.00    	-0.00   	-       	
6.25    	0.00    	0.00    	0.00    	1.00    	2.00    	-0.00   	-       	
6.27    	0.00    	0.00    	0.00    	1.00    	2.00    	-0.00   	-       	
6.29    	0.00    	0.00    	0.00    	1.00    	2.00    	-0.00   	-       	
6.32    	0.00    	0.00    	0.00    	1.00    	2.00    	-0.00   	-       	
6.34    	0.00    	0.00    	0.00    	1.00    	2.00    	-0.00   	-       	
6.37    	0.00    	0.00    	0.00    	1.00    	2.00    	-0.00   	-       	
6.40    	0.00    	0.00    	0.00    	1.00    	2.00    	-0.00   	-       	
6.42    	0.00    	0.00    	0.00    	1.00    	2.00    	-0.00   	-       	
6.45    	0.00    	0.00    	0.00    	1.00    	2.00    	-0.00   	-       	
6.47    	0.00    	0.00    	0.00    	1.00    	2.00    	-0.00   	-       	
6.50    	0.00    	0.00    	0.00    	1.00    	2.00    	-0.00   	-       	
6.52    	0.00    	0.00    	0.00    	1.00    	2.00    	-0.00   	-       	
6.54    	0.00    	0.00    	0.00    	1.00    	2.00    	-0.00   	-       	
6.57    	0.00    	0.00    	0.00    	1.00    	2.00    	-0.00   	-       	
6.60    	0.00    	0.00    	0.00    	1.00    	2.00    	-0.00   	-       	
6.62    	0.00    	0.00    	0.00    	1.00    	2.00    	-0.00   	-       	
6.64    	0.00    	0.00    	0.00    	1.00    	2.00    	-0.00   	-       	
6.67    	0.00    	0.00    	0.00    	1.00    	2.00    	-0.00   	-       	
6.69    	0.00    	0.00    	0.00    	1.00    	2.00    	-0.00   	-       	
6.71    	0.00    	0.00    	0.00    	1.00    	2.00    	-0.00   	-       	
6.73    	0.00    	0.00    	0.00    	1.00    	2.00    	-0.00   	-       	
6.76    	0.00    	0.00    	0.00    	1.00    	2.00    	-0.00   	-       	
6.79    	0.00    	0.00    	0.00    	1.00    	2.00    	-0.00   	-       	
6.81    	0.00    	0.00    	0.00    	1.00    	2.00    	-0.00   	-       	
6.83    	0.00    	0.00    	0.00    	1.00    	2.00    	-0.00   	-       	
6.86    	0.00    	0.00    	0.00    	1.00    	2.00    	-0.00   	-       	
6.88    	0.00    	0.00    	0.00    	1.00    	2.00    	-0.00   	-       	
6.91    	0.00    	0.00    	0.00    	1.00    	2.00    	-0.00   	-       	
6.93    	0.00    	0.00    	0.00    	1.00    	2.00    	-0.00   	-       	
6.96    	0.00    	0.00    	0.00    	1.00    	2.00    	-0.00   	-       	
6.99    	0.00    	0.00    	0.00    	1.00    	2.00    	-0.00   	-       	
7.01    	0.00    	0.00    	0.00    	1.00    	2.00    	-0.00   	-       	
7.03    	0.00    	0.00    	0.00    	1.00    	2.00    	-0.00   	-       	
7.06    	0.00    	0.00    	0.00    	1.00    	2.00    	-0.00   	-       	
7.08    	0.00    	0.00    	0.00    	1.00    	2.00    	-0.00   	-       	
7.11    	0.00    	0.00    	0.00    	1.00    	2.00    	-0.00   	-       	
7.13    	0.00    	0.00    	0.00    	1.00    	2.00    	-0.00   	-       	
7.16    	0.00    	0.00    	0.00    	1.00    	2.00    	-0.00   	-       	
7.18    	0.00    	0.00    	0.00    	1.00    	2.00    	-0.00   	-       	
7.21    	0.00    	0.00    	0.00    	1.00    	2.00    	-0.00   	-       	
7.23    	0.00    	0.00    	0.00    	1.00    	2.00    	-0.00   	-       	
7.26    	0.00    	0.00    	0.00    	1.00    	2.00    	-0.00   	-       	
7.28    	0.00    	0.00    	0.00    	1.00    	2.00    	-0.00   	-       	
7.31    	0.00    	0.00    	0.00    	1.00    	2.00    	-0.00   	-       	
7.33    	0.00    	0.00    	0.00    	1.00    	2.00    	-0.00   	-       	
7.36    	0.00    	0.00    	0.00    	1.00    	2.00    	-0.00   	-       	
7.38    	0.00    	0.00    	0.00    	1.00    	2.00    	-0.00   	-       	
7.41    	0.00    	0.00    	0.00    	1.00    	2.00    	-0.00   	-       	
7.43    	0.00    	0.00    	0.00    	1.00    	2.00    	-0.00   	-       	
7.46    	0.00    	0.00    	0.00    	1.00    	2.00    	-0.00   	-       	
7.48    	0.00    	0.00    	0.00    	1.00    	2.00    	-0.00   	-       	
7.51    	0.00    	0.00    	0.00    	1.00    	2.00    	-0.00   	-       	
7.53    	0.00    	0.00    	0.00    	1.00    	2.00    	-0.00   	-       	
7.56    	0.00    	0.00    	0.00    	1.00    	2.00    	-0.00   	-       	
7.58    	0.00    	0.00    	0.00    	1.00    	2.00    	-0.00   	-       	
7.61    	0.00    	0.00    	0.00    	1.00    	2.00    	-0.00   	-       	
7.63    	0.00    	0.00    	0.00    	1.00    	2.00    	-0.00   	-       	
7.66    	0.00    	0.00    	0.00    	1.00    	2.00    	-0.00   	-       	
7.68    	0.00    	0.00    	0.00    	1.00    	2.00    	-0.00   	-       	
7.71    	0.00    	0.00    	0.00    	1.00    	2.00    	-0.00   	-       	
7.73    	0.00    	0.00    	0.00    	1.00    	2.00    	-0.00   	-       	
7.76    	0.00    	0.00    	0.00    	1.00    	2.00    	-0.00   	-       	
7.78    	0.00    	0.00    	0.00    	1.00    	2.00    	-0.00   	-       	
7.81    	0.00    	0.00    	0.00    	1.00    	2.00    	-0.00   	-       	
7.83    	0.00    	0.00    	0.00    	1.00    	2.00    	-0.00   	-       	
7.86    	0.00    	0.00    	0.00    	1.00    	2.00    	-0.00   	-       	
7.88    	0.00    	0.00    	0.00    	1.00    	2.00    	-0.00   	-       	
7.91    	0.00    	0.00    	0.00    	1.00    	2.00    	-0.00   	-       	
7.93    	0.00    	0.00    	0.00    	1.00    	2.00    	-0.00   	-       	
7.96    	0.00    	0.00    	0.00    	1.00    	2.00    	-0.00   	-       	
7.99    	0.00    	0.00    	0.00    	1.00    	2.00    	-0.00   	-       	
8.01    	0.00    	0.00    	0.00    	1.00    	2.00    	-0.00   	-       	
8.03    	0.00    	0.00    	0.00    	1.00    	2.00    	-0.00   	-       	
8.06    	0.00    	0.00    	0.00    	1.00    	2.00    	-0.00   	-       	
8.08    	0.00    	0.00    	0.00    	1.00    	2.00    	-0.00   	-       	
8.11    	0.00    	0.00    	0.00    	1.00    	2.00    	-0.00   	-       	
8.13    	0.00    	0.00    	0.00    	1.00    	2.00    	-0.00   	-       	
8.16    	0.00    	0.00    	0.00    	1.00    	2.00    	-0.00   	-       	
8.18    	0.00    	0.00    	0.00    	1.00    	2.00    	-0.00   	-       	
8.21    	0.00    	0.00    	0.00    	1.00    	2.00    	-0.00   	-       	
8.23    	0.00    	0.00    	0.00    	1.00    	2.00    	-0.00   	-       	
8.26    	0.00    	0.00    	0.00    	1.00    	2.00    	-0.00   	-       	
8.28    	0.00    	0.00    	0.00    	1.00    	2.00    	-0.00   	-       	
8.31    	0.00    	0.00    	0.00    	1.00    	2.00    	-0.00   	-       	
8.33    	0.00    	0.00    	0.00    	1.00    	2.00    	-0.00   	-       	
8.36    	0.00    	0.00    	0.00    	1.00    	2.00    	-0.00   	-       	
8.38    	0.00    	0.00    	0.00    	1.00    	2.00    	-0.00   	-       	
8.41    	0.00    	0.00    	0.00    	1.00    	2.00    	-0.00   	-       	
8.43    	0.00    	0.00    	0.00    	1.00    	2.00    	-0.00   	-       	
8.46    	0.00    	0.00    	0.00    	1.00    	2.00    	-0.00   	-       	
8.48    	0.00    	0.00    	0.00    	1.00    	2.00    	-0.00   	-       	
8.51    	0.00    	0.00    	0.00    	1.00    	2.00    	-0.00   	-       	
8.53    	0.00    	0.00    	0.00    	1.00    	2.00    	-0.00   	-       	
8.56    	0.00    	0.00    	0.00    	1.00    	2.00    	-0.00   	-       	
8.58    	0.00    	0.00    	0.00    	1.00    	2.00    	-0.00   	-       	
8.61    	0.00    	0.00    	0.00    	1.00    	2.00    	-0.00   	-       	
8.63    	0.00    	0.00    	0.00    	1.00    	2.00    	-0.00   	-       	
8.65    	0.00    	0.00    	0.00    	1.00    	2.00    	-0.00   	-       	
8.68    	0.00    	0.00    	0.00    	1.00    	2.00    	-0.00   	-       	
8.70    	0.00    	0.00    	0.00    	1.00    	2.00    	-0.00   	-       	
8.73    	0.00    	0.00    	0.00    	1.00    	2.00    	-0.00   	-       	
8.75    	0.00    	0.00    	0.00    	1.00    	2.00    	-0.00   	-       	
8.78    	0.00    	0.00    	0.00    	1.00    	2.00    	-0.00   	-       	
8.80    	0.00    	0.00    	0.00    	1.00    	2.00    	-0.00   	-       	
8.82    	0.00    	0.00    	0.00    	1.00    	2.00    	-0.00   	-       	
8.84    	0.00    	0.00    	0.00    	1.00    	2.00    	-0.00   	-       	
8.87    	0.00    	0.00    	0.00    	1.00    	2.00    	-0.00   	-       	
8.89    	0.00    	0.00    	0.00    	1.00    	2.00    	-0.00   	-       	
8.92    	0.00    	0.00    	0.00    	1.00    	2.00    	-0.00   	-       	
8.94    	0.00    	0.00    	0.00    	1.00    	2.00    	-0.00   	-       	
8.97    	0.00    	0.00    	0.00    	1.00    	2.00    	-0.00   	-       	
9.01    	0.00    	0.00    	0.00    	1.00    	2.00    	-0.00   	-       	
9.03    	0.00    	0.00    	0.00    	1.00    	2.00    	-0.00   	-       	
9.05    	0.00    	0.00    	0.00    	1.00    	2.00    	-0.00   	-       	
9.08    	0.00    	0.00    	0.00    	1.00    	2.00    	-0.00   	-       	
9.10    	0.00    	0.00    	0.00    	1.00    	2.00    	-0.00   	-       	
9.13    	0.00    	0.00    	0.00    	1.00    	2.00    	-0.00   	-       	
9.15    	0.00    	0.00    	0.00    	1.00    	2.00    	-0.00   	-       	
9.18    	0.00    	0.00    	0.00    	1.00    	2.00    	-0.00   	-       	
9.20    	0.00    	0.00    	0.00    	1.00    	2.00    	-0.00   	-       	
9.23    	0.00    	0.00    	0.00    	1.00    	2.00    	-0.00   	-       	
9.25    	0.00    	0.00    	0.00    	1.00    	2.00    	-0.00   	-       	
9.28    	0.00    	0.00    	0.00    	1.00    	2.00    	-0.00   	-       	
9.30    	0.00    	0.00    	0.00    	1.00    	2.00    	-0.00   	-       	
9.33    	0.00    	0.00    	0.00    	1.00    	2.00    	-0.00   	-       	
9.35    	0.00    	0.00    	0.00    	1.00    	2.00    	-0.00   	-       	
9.38    	0.00    	0.00    	0.00    	1.00    	2.00    	-0.00   	-       	
9.40    	0.00    	0.00    	0.00    	1.00    	2.00    	-0.00   	-       	
9.43    	0.00    	0.00    	0.00    	1.00    	2.00    	-0.00   	-       	
9.45    	0.00    	0.00    	0.00    	1.00    	2.00    	-0.00   	-       	
9.48    	0.00    	0.00    	0.00    	1.00    	2.00    	-0.00   	-       	
9.50    	0.00    	0.00    	0.00    	1.00    	2.00    	-0.00   	-       	
9.53    	0.00    	0.00    	0.00    	1.00    	2.00    	-0.00   	-       	
9.55    	0.00    	0.00    	0.00    	1.00    	2.00    	-0.00   	-       	
9.58    	0.00    	0.00    	0.00    	1.00    	2.00    	-0.00   	-       	
9.60    	0.00    	0.00    	0.00    	1.00    	2.00    	-0.00   	-       	
9.63    	0.00    	0.00    	0.00    	1.00    	2.00    	-0.00   	-       	
9.65    	0.00    	0.00    	0.00    	1.00    	2.00    	-0.00   	-       	
9.68    	0.00    	0.00    	0.00    	1.00    	2.00    	-0.00   	-       	
9.70    	0.00    	0.00    	0.00    	1.00    	2.00    	-0.00   	-       	
9.73    	0.00    	0.00    	0.00    	1.00    	2.00    	-0.00   	-       	
9.75    	0.00    	0.00    	0.00    	1.00    	2.00    	-0.00   	-       	
9.78    	0.00    	0.00    	0.00    	1.00    	2.00    	-0.00   	-       	
9.80    	0.00    	0.00    	0.00    	1.00    	2.00    	-0.00   	-       	
9.83    	0.00    	0.00    	0.00    	1.00    	2.00    	-0.00   	-       	
9.85    	0.00    	0.00    	0.00    	1.00    	2.00    	-0.00   	-       	
9.88    	0.00    	0.00    	0.00    	1.00    	2.00    	-0.00   	-       	
9.90    	0.00    	0.00    	0.00    	1.00    	2.00    	-0.00   	-       	
9.93    	0.00    	0.00    	0.00    	1.00    	2.00    	-0.00   	-       	
9.95    	0.00    	0.00    	0.00    	1.00    	2.00    	-0.00   	-       	
9.98    	0.00    	0.00    	0.00    	1.00    	2.00    	-0.00   	-       	
10.00   	0.00    	0.00    	0.00    	1.00    	2.00    	-0.00   	-       	
10.03   	0.00    	0.00    	0.00    	1.00    	2.00    	-0.00   	-       	
10.05   	0.00    	0.00    	0.00    	1.00    	2.00    	-0.00   	-       	
10.07   	0.00    	0.00    	0.00    	1.00    	2.00    	-0.00   	-       	
10.09   	0.00    	0.00    	0.00    	1.00    	2.00    	-0.00   	-       	
10.12   	0.00    	0.00    	0.00    	1.00    	2.00    	-0.00   	-       	
10.14   	0.00    	0.00    	0.00    	1.00    	2.00    	-0.00   	-       	
10.17   	0.00    	0.00    	0.00    	1.00    	2.00    	-0.00   	-       	
10.19   	0.00    	0.00    	0.00    	1.00    	2.00    	-0.00   	-       	
10.22   	0.00    	0.00    	0.00    	1.00    	2.00    	-0.00   	-       	
10.24   	0.00    	0.00    	0.00    	1.00    	2.00    	-0.00   	-       	
10.27   	0.00    	0.00    	0.00    	1.00    	2.00    	-0.00   	-       	
10.29   	0.00    	0.00    	0.00    	1.00    	2.00    	-0.00   	-       	
10.32   	0.00    	0.00    	0.00    	1.00    	2.00    	-0.00   	-       	
10.34   	0.00    	0.00    	0.00    	1.00    	2.00    	-0.00   	-       	
10.37   	0.00    	0.00    	0.00    	1.00    	2.00    	-0.00   	-       	
10.39   	0.00    	0.00    	0.00    	1.00    	2.00    	-0.00   	-       	
10.41   	0.00    	0.00    	0.00    	1.00    	2.00    	-0.00   	-       	
10.43   	0.00    	0.00    	0.00    	1.00    	2.00    	-0.00   	-       	
10.46   	0.00    	0.00    	0.00    	1.00    	2.00    	-0.00   	-       	
10.48   	0.00    	0.00    	0.00    	1.00    	2.00    	-0.00   	-       	
10.51   	0.00    	0.00    	0.00    	1.00    	2.00    	-0.00   	-       	
10.53   	0.00    	0.00    	0.00    	1.00    	2.00    	-0.00   	-       	
10.56   	0.00    	0.00    	0.00    	1.00    	2.00    	-0.00   	-       	
10.58   	0.00    	0.00    	0.00    	1.00    	2.00    	-0.00   	-       	
10.61   	0.00    	0.00    	0.00    	1.00    	2.00    	-0.00   	-       	
10.63   	0.00    	0.00    	0.00    	1.00    	2.00    	-0.00   	-       	
10.66   	0.00    	0.00    	0.00    	1.00    	2.00    	-0.00   	-       	
10.68   	0.00    	0.00    	0.00    	1.00    	2.00    	-0.00   	-       	
10.71   	0.00    	0.00    	0.00    	1.00    	2.00    	-0.00   	-       	
10.73   	0.00    	0.00    	0.00    	1.00    	2.00    	-0.00   	-       	
10.76   	0.00    	0.00    	0.00    	1.00    	2.00    	-0.00   	-       	
10.78   	0.00    	0.00    	0.00    	1.00    	2.00    	-0.00   	-       	
10.81   	0.00    	0.00    	0.00    	1.00    	2.00    	-0.00   	-       	
10.83   	0.00    	0.00    	0.00    	1.00    	2.00    	-0.00   	-       	
10.86   	0.00    	0.00    	0.00    	1.00    	2.00    	-0.00   	-       	
10.88   	0.00    	0.00    	0.00    	1.00    	2.00    	-0.00   	-       	
10.91   	0.00    	0.00    	0.00    	1.00    	2.00    	-0.00   	-       	
10.93   	0.00    	0.00    	0.00    	1.00    	2.00    	-0.00   	-       	
10.96   	0.00    	0.00    	0.00    	1.00    	2.00    	-0.00   	-       	
10.99   	0.00    	0.00    	0.00    	1.00    	2.00    	-0.00   	-       	
11.01   	0.00    	0.00    	0.00    	1.00    	2.00    	-0.00   	-       	
11.03   	0.00    	0.00    	0.00    	1.00    	2.00    	-0.00   	-       	
11.06   	0.00    	0.00    	0.00    	1.00    	2.00    	-0.00   	-       	
11.08   	0.00    	0.00    	0.00    	1.00    	2.00    	-0.00   	-       	
11.11   	0.00    	0.00    	0.00    	1.00    	2.00    	-0.00   	-       	
11.13   	0.00    	0.00    	0.00    	1.00    	2.00    	-0.00   	-       	
11.16   	0.00    	0.00    	0.00    	1.00    	2.00    	-0.00   	-       	
11.18   	0.00    	0.00    	0.00    	1.00    	2.00    	-0.00   	-       	
11.21   	0.00    	0.00    	0.00    	1.00    	2.00    	-0.00   	-       	
11.23   	0.00    	0.00    	0.00    	1.00    	2.00    	-0.00   	-       	
11.26   	0.00    	0.00    	0.00    	1.00    	2.00    	-0.00   	-       	
11.28   	0.00    	0.00    	0.00    	1.00    	2.00    	-0.00   	-       	
11.31   	0.00    	0.00    	0.00    	1.00    	2.00    	-0.00   	-       	
11.33   	0.00    	0.00    	0.00    	1.00    	2.00    	-0.00   	-       	
11.36   	0.00    	0.00    	0.00    	1.00    	2.00    	-0.00   	-       	
11.38   	0.00    	0.00    	0.00    	1.00    	2.00    	-0.00   	-       	
11.41   	0.00    	0.00    	0.00    	1.00    	2.00    	-0.00   	-       	
11.43   	0.00    	0.00    	0.00    	1.00    	2.00    	-0.00   	-       	
11.46   	0.00    	0.00    	0.00    	1.00    	2.00    	-0.00   	-       	
11.49   	0.00    	0.00    	0.00    	1.00    	2.00    	-0.00   	-       	
11.51   	0.00    	0.00    	0.00    	1.00    	2.00    	-0.00   	-       	
11.53   	0.00    	0.00    	0.00    	1.00    	2.00    	-0.00   	-       	
11.56   	0.00    	0.00    	0.00    	1.00    	2.00    	-0.00   	-       	
11.58   	0.00    	0.00    	0.00    	1.00    	2.00    	-0.00   	-       	
11.61   	0.00    	0.00    	0.00    	1.00    	2.00    	-0.00   	-       	
11.63   	0.00    	0.00    	0.00    	1.00    	2.00    	-0.00   	-       	
11.66   	0.00    	0.00    	0.00    	1.00    	2.00    	-0.00   	-       	
11.68   	0.00    	0.00    	0.00    	1.00    	2.00    	-0.00   	-       	
11.71   	0.00    	0.00    	0.00    	1.00    	2.00    	-0.00   	-       	
11.73   	0.00    	0.00    	0.00    	1.00    	2.00    	-0.00   	-       	
11.76   	0.00    	0.00    	0.00    	1.00    	2.00    	-0.00   	-       	
11.78   	0.00    	0.00    	0.00    	1.00    	2.00    	-0.00   	-       	
11.81   	0.00    	0.00    	0.00    	1.00    	2.00    	-0.00   	-       	
11.83   	0.00    	0.00    	0.00    	1.00    	2.00    	-0.00   	-       	
11.86   	0.00    	0.00    	0.00    	1.00    	2.00    	-0.00   	-       	
11.88   	0.00    	0.00    	0.00    	1.00    	2.00    	-0.00   	-       	
11.91   	0.00    	0.00    	0.00    	1.00    	2.00    	-0.00   	-       	
11.93   	0.00    	0.00    	0.00    	1.00    	2.00    	-0.00   	-       	
11.96   	0.00    	0.00    	0.00    	1.00    	2.00    	-0.00   	-       	
11.99   	0.00    	0.00    	0.00    	1.00    	2.00    	-0.00   	-       	
12.01   	0.00    	0.00    	0.00    	1.00    	2.00    	-0.00   	-       	
12.03   	0.00    	0.00    	0.00    	1.00    	2.00    	-0.00   	-       	
12.06   	0.00    	0.00    	0.00    	1.00    	2.00    	-0.00   	-       	
12.08   	0.00    	0.00    	0.00    	1.00    	2.00    	-0.00   	-       	
12.11   	0.00    	0.00    	0.00    	1.00    	2.00    	-0.00   	-       	
12.13   	0.00    	0.00    	0.00    	1.00    	2.00    	-0.00   	-       	
12.16   	0.00    	0.00    	0.00    	1.00    	2.00    	-0.00   	-       	
12.18   	0.00    	0.00    	0.00    	1.00    	2.00    	-0.00   	-       	
12.21   	0.00    	0.00    	0.00    	1.00    	2.00    	-0.00   	-       	
12.23   	0.00    	0.00    	0.00    	1.00    	2.00    	-0.00   	-       	
12.26   	0.00    	0.00    	0.00    	1.00    	2.00    	-0.00   	-       	
12.28   	0.00    	0.00    	0.00    	1.00    	2.00    	-0.00   	-       	
12.31   	0.00    	0.00    	0.00    	1.00    	2.00    	-0.00   	-       	
12.33   	0.00    	0.00    	0.00    	1.00    	2.00    	-0.00   	-       	
